10 10
	0 1 2 3 4 5 6 7 8 9
	
0	0,0  0,0  0,0  0,0  0,0  0,0  0,0  0,0  0,0  0,0
1	0,0  0,0  0,0  1,3  0,0  0,0  0,0  0,0  0,0  0,0
2	0,0  2,1  2,2  2,3  2,4  2,5  2,6  2,7  2,8  0,0
3	0,0  0,0  0,0  3,3  0,0  3,5  0,0  0,0  0,0  0,0
4	0,0  0,0  0,0  4,3  0,0  4,5  0,0  4,7  0,0  0,0
5	0,0  0,0  5,2  5,3  5,4  5,5  5,6  5,7  0,0  0,0
6	0,0  0,0  6,2  0,0  0,0  6,5  0,0  0,0  0,0  0,0
7	0,0  0,0  7,2  7,3  7,4  7,5  7,6  0,0  0,0  0,0
8	0,0  0,0  8,2  0,0  0,0  0,0  8,6  8,7  8,8  8,9
9	0,0  0,0  0,0  0,0  0,0  0,0  0,0  0,0  0,0  0,0

Path


NoExits

0
1 0
0

0 1 0
  0

  0
0 1
  0

  0
0 1 0



